%YAML:1.0
cameraMatrix: !!opencv-matrix
   rows: 3
   cols: 3
   dt: d
   data: [ 1.0735947664472383e+03, 0., 9.3119179573828330e+02, 0.,
       1.0777318698077695e+03, 5.6791671714315873e+02, 0., 0., 1. ]
distortionCoefficients: !!opencv-matrix
   rows: 1
   cols: 5
   dt: d
   data: [ 4.8323222010074558e-02, -2.7337691550906280e-02,
       4.1591732791522260e-03, -2.8623483307466816e-03,
       -1.8449305495155638e-02 ]
rotation: !!opencv-matrix
   rows: 3
   cols: 3
   dt: d
   data: [ 1., 0., 0., 0., 1., 0., 0., 0., 1. ]
projection: !!opencv-matrix
   rows: 4
   cols: 4
   dt: d
   data: [ 1.0735947664472383e+03, 0., 9.3119179573828330e+02, 0., 0.,
       1.0777318698077695e+03, 5.6791671714315873e+02, 0., 0., 0., 1.,
       0., 0., 0., 0., 1. ]
