%YAML:1.0
depthShift: -9.2115107204422060e+00
