%YAML:1.0
rotation: !!opencv-matrix
   rows: 3
   cols: 3
   dt: d
   data: [ 9.9998404226851578e-01, -4.2288889777640955e-03,
       3.7458919275604420e-03, 4.2863174812582897e-03,
       9.9987132959478009e-01, -1.5458063812018275e-02,
       -3.6800395064559730e-03, 1.5473873218438709e-02,
       9.9987350027733535e-01 ]
translation: !!opencv-matrix
   rows: 3
   cols: 1
   dt: d
   data: [ -5.2133351612936814e-02, -2.8344098478246191e-03,
       7.8932744846299946e-03 ]
essential: !!opencv-matrix
   rows: 3
   cols: 3
   dt: d
   data: [ -2.3402340190357103e-05, -7.9361181524378772e-03,
       -2.7120365550957651e-03, 7.7012957323356708e-03,
       7.7332509184435303e-04, 5.2156324111590192e-02,
       2.6109045206982352e-03, -5.2138629998023232e-02,
       8.1649806893552724e-04 ]
fundamental: !!opencv-matrix
   rows: 3
   cols: 3
   dt: d
   data: [ -2.5318349790311632e-08, -8.5719383727873899e-06,
       6.9704793458964711e-04, 8.2998370936305096e-06,
       8.3207538962040708e-07, 1.8205434562504057e-02,
       -1.6574933944503219e-03, -5.2950816936398151e-02, 1. ]
