%YAML:1.0
cameraMatrix: !!opencv-matrix
   rows: 3
   cols: 3
   dt: d
   data: [ 3.6441499864307809e+02, 0., 2.5391649524586236e+02, 0.,
       3.6500720374509808e+02, 2.0530259559740139e+02, 0., 0., 1. ]
distortionCoefficients: !!opencv-matrix
   rows: 1
   cols: 5
   dt: d
   data: [ 1.2679236785408601e-01, -3.6050881275821878e-01,
       -1.1939607478163401e-03, -1.7579683737690547e-03,
       1.8096085559277136e-01 ]
rotation: !!opencv-matrix
   rows: 3
   cols: 3
   dt: d
   data: [ 1., 0., 0., 0., 1., 0., 0., 0., 1. ]
projection: !!opencv-matrix
   rows: 4
   cols: 4
   dt: d
   data: [ 3.6441499864307809e+02, 0., 2.5391649524586236e+02, 0., 0.,
       3.6500720374509808e+02, 2.0530259559740139e+02, 0., 0., 0., 1.,
       0., 0., 0., 0., 1. ]
